1 0.235750 0.630969 0.037687 0.026656
1 0.362594 0.628219 0.056063 0.035844
1 0.471047 0.633266 0.052391 0.031250
1 0.544578 0.912219 0.028500 0.052391
1 0.451281 0.968297 0.042281 0.026656
1 0.335484 0.965531 0.022062 0.026656
1 0.384188 0.965078 0.020219 0.027578
1 0.258734 0.963234 0.052391 0.036766
1 0.128219 0.964156 0.046875 0.033094
1 0.891547 0.598812 0.029406 0.037687
1 0.894766 0.674172 0.022984 0.037687
1 0.893844 0.746781 0.028500 0.043203
1 0.895687 0.824453 0.026656 0.044125
1 0.474719 0.044578 0.068937 0.035844
1 0.233922 0.044125 0.081797 0.031250
1 0.187047 0.090531 0.034000 0.054234
1 0.188875 0.148891 0.032172 0.051469
1 0.137406 0.220125 0.046875 0.028500
1 0.081797 0.280328 0.020219 0.044125
1 0.080422 0.323984 0.024813 0.043203
1 0.140172 0.385109 0.041359 0.033094
1 0.267000 0.384188 0.052391 0.029406
1 0.469672 0.383266 0.062500 0.029406
1 0.554688 0.333188 0.022984 0.043203
0 0.342828 0.258266 0.049625 0.038609
0 0.395688 0.219203 0.048719 0.039516
0 0.422328 0.257359 0.045031 0.040438
0 0.423719 0.156703 0.049625 0.035844
0 0.518844 0.160844 0.034000 0.038609
0 0.174625 0.195313 0.044125 0.032172
0 0.370859 0.394766 0.037687 0.056063
1 0.342828 0.380969 0.020219 0.026656
1 0.398438 0.381891 0.015625 0.026656
0 0.306984 0.620859 0.044125 0.045031
0 0.429688 0.742188 0.041359 0.048719
0 0.254594 0.695766 0.034922 0.045953
0 0.259188 0.740812 0.036766 0.034922
0 0.308828 0.842375 0.042281 0.046875
0 0.386953 0.845594 0.040438 0.044125
0 0.494031 0.817562 0.037687 0.050547
0 0.484375 0.908547 0.034922 0.037687
0 0.552844 0.774813 0.048719 0.051469
0 0.663141 0.655328 0.052391 0.055141
0 0.737594 0.652578 0.037687 0.049625
0 0.746781 0.694859 0.052391 0.034922