0 0.2880732484076433 0.20255742725880552 0.07527070063694268 0.07378254211332312
0 0.47625796178343943 0.15871362940275652 0.05211783439490445 0.05290964777947932
0 0.5414012738853503 0.8547932618683001 0.0781687898089172 0.09188361408882083
0 0.14692675159235669 0.55687595712098 0.05934713375796179 0.05290964777947932
1 0.7252388535031847 0.39955589586523743 0.08686305732484076 0.05846860643185298
1 0.902579617834395 0.40024502297090353 0.0854140127388535 0.05428790199081164
1 0.46033439490445854 0.8450535987748852 0.06369426751592357 0.047335375191424195
1 0.3792675159235669 0.8422664624808576 0.08106687898089171 0.07238897396630935
1 0.29893312101910824 0.8464471669218989 0.06514331210191082 0.041761102603369064
1 0.1954299363057325 0.8506125574272588 0.0781687898089172 0.04454823889739663
0 0.10711783439490445 0.8631546707503829 0.06079617834394904 0.05290964777947932