1 0.23035114503816792 0.5793687230989957 0.03682442748091603 0.024476327116212337
1 0.3542900763358779 0.5768436154949785 0.054778625954198475 0.03291248206599713
1 0.46025954198473285 0.581477761836442 0.05119083969465649 0.028694404591104734
1 0.5321068702290076 0.8376183644189383 0.027847328244274806 0.04810616929698709
1 0.44094656488549616 0.8891104734576758 0.04131297709923664 0.024476327116212337
1 0.32780152671755725 0.886571018651363 0.021557251908396944 0.024476327116212337
1 0.3753893129770992 0.8861549497847919 0.019755725190839693 0.025322812051649927
1 0.2528091603053435 0.8844619799139168 0.05119083969465649 0.03375896700143472
1 0.1252824427480916 0.8853084648493543 0.04580152671755725 0.030387374461979914
1 0.8711297709923664 0.5498421807747489 0.028732824427480916 0.03460545193687231
1 0.8742748091603053 0.6190387374461981 0.022458015267175575 0.03460545193687231
1 0.8733740458015267 0.6857101865136298 0.027847328244274806 0.03967001434720229
1 0.875175572519084 0.7570301291248206 0.026045801526717555 0.04051649928263988
1 0.4638473282442748 0.0409325681492109 0.0673587786259542 0.03291248206599713
1 0.22856488549618323 0.04051649928263988 0.0799236641221374 0.028694404591104734
1 0.18276335877862596 0.08312769010043042 0.03322137404580153 0.049799139167862265
1 0.18454961832061068 0.1367144906743185 0.031435114503816794 0.047259684361549495
1 0.13425954198473283 0.20212338593974175 0.04580152671755725 0.026169296987087514
1 0.0799236641221374 0.257403156384505 0.019755725190839693 0.04051649928263988
1 0.07858015267175572 0.29748923959827833 0.024244274809160308 0.03967001434720229
1 0.13696183206106868 0.3536154949784792 0.04041221374045802 0.030387374461979914
1 0.2608854961832061 0.3527690100430416 0.05119083969465649 0.027001434720229554
1 0.4589160305343511 0.351922525107604 0.061068702290076333 0.027001434720229554
1 0.5419847328244275 0.3059397417503587 0.022458015267175575 0.03967001434720229
0 0.3349770992366412 0.23714490674318506 0.048488549618320616 0.0354519368723099
0 0.3866259541984733 0.20127690100430415 0.047603053435114506 0.03628407460545194
0 0.41265648854961834 0.23631276901004306 0.044 0.03713055954088953
0 0.4140152671755725 0.1438880918220947 0.048488549618320616 0.03291248206599713
0 0.5069618320610687 0.14769010043041605 0.03322137404580153 0.0354519368723099
0 0.1706259541984733 0.1793400286944046 0.04311450381679389 0.029540889526542324
0 0.36236641221374044 0.36248206599713056 0.03682442748091603 0.0514777618364419
1 0.3349770992366412 0.3498134863701578 0.019755725190839693 0.024476327116212337
1 0.3893129770992366 0.3506599713055954 0.015267175572519083 0.024476327116212337
0 0.2999541984732824 0.5700860832137733 0.04311450381679389 0.041348637015781925
0 0.4198473282442748 0.6814921090387375 0.04041221374045802 0.04473457675753228
0 0.24876335877862596 0.6388665710186514 0.03412213740458016 0.042195121951219515
0 0.25325190839694656 0.6802295552367288 0.035923664122137405 0.03206599713055954
0 0.3017557251908397 0.7734863701578192 0.04131297709923664 0.043041606886657105
0 0.37809160305343514 0.776441893830703 0.039511450381679386 0.04051649928263988
0 0.4827175572519084 0.7507030129124821 0.03682442748091603 0.04641319942611191
0 0.4732824427480916 0.8342467718794836 0.03412213740458016 0.03460545193687231
0 0.5401832061068702 0.7114490674318508 0.047603053435114506 0.047259684361549495
0 0.6479541984732825 0.6017360114777619 0.05119083969465649 0.0506312769010043
0 0.7207022900763359 0.5992109038737445 0.03682442748091603 0.04556671449067432
0 0.729679389312977 0.6380344332855094 0.05119083969465649 0.03206599713055954