0 0.34552102376599636 0.4608355091383812 0.06764168190127971 0.07571801566579635
0 0.23857404021937842 0.4366840731070496 0.06581352833638025 0.08485639686684072
0 0.3436928702010969 0.14556135770234988 0.06398537477148081 0.07441253263707572
0 0.6691042047531993 0.48433420365535246 0.08775137111517367 0.1122715404699739
0 0.3180987202925046 0.7506527415143603 0.027422303473491772 0.06005221932114883
0 0.3446069469835466 0.8302872062663186 0.07312614259597806 0.08093994778067885
0 0.34552102376599636 0.9138381201044387 0.06946983546617916 0.0731070496083551
1 0.6860146252285192 0.15469973890339425 0.12157221206581353 0.10052219321148825
1 0.03473491773308958 0.3191906005221932 0.04570383912248629 0.18407310704960836
1 0.03244972577696526 0.5502610966057441 0.04296160877513711 0.19451697127937337
1 0.029707495429616086 0.7519582245430809 0.04661791590493602 0.1174934725848564
0 0.02056672760511883 0.9373368146214099 0.03930530164533821 0.10182767624020887
0 0.8203839122486288 0.5574412532637075 0.05393053016453382 0.0783289817232376
1 0.8222120658135283 0.6925587467362925 0.050274223034734916 0.1814621409921671
1 0.8194698354661791 0.816579634464752 0.031992687385740404 0.06657963446475196
1 0.8194698354661791 0.9373368146214099 0.0283363802559415 0.12532637075718014