1 0.22573229873908826 0.3010176991150443 0.029980601357904948 0.08446902654867257
1 0.22793404461687683 0.41364306784660765 0.03967992240543162 0.09520648967551622
1 0.12873908826382152 0.5081858407079646 0.10052376333656644 0.058997050147492625
1 0.48893307468477204 0.22123893805309736 0.0749466537342386 0.05095870206489675
1 0.5303782735208535 0.17095870206489674 0.03438409311348206 0.08715339233038348
1 0.5850436469447138 0.13140117994100295 0.08905916585838991 0.05631268436578171
1 0.6780698351115422 0.13274336283185842 0.09170708050436469 0.06168141592920354
1 0.8777885548011639 0.13676991150442477 0.1066925315227934 0.06971976401179941
1 0.9769835111542192 0.5041592920353982 0.0317458777885548 0.07240412979351032
1 0.8773520853540252 0.8728908554572272 0.08641125121241514 0.0670353982300885
1 0.7777109602327837 0.8735545722713864 0.051144519883608144 0.04693215339233038
1 0.6688166828322017 0.875575221238938 0.09434529582929195 0.058997050147492625
1 0.5140640155189137 0.8762389380530974 0.10757516973811833 0.057654867256637175
1 0.14107662463627546 0.946637168141593 0.1305043646944714 0.06436578171091445
0 0.846925315227934 0.6322123893805309 0.04673132880698351 0.105929203539823
0 0.8486905916585838 0.4149852507374632 0.057313288069835114 0.09787610619469027
0 0.8698545101842872 0.5195722713864307 0.0537827352085354 0.07374631268436578
0 0.8098933074684772 0.7428318584070797 0.052027158098933074 0.07777286135693215
0 0.723482056256062 0.7971238938053098 0.052027158098933074 0.07643067846607669
0 0.6392725509214355 0.6342182890855457 0.04584869059165859 0.09653392330383481
0 0.5846071774975752 0.6315339233038348 0.04937924345295829 0.10190265486725664
0 0.4214839961202716 0.19442477876106193 0.059961202715809896 0.10995575221238937
0 0.28877788554801165 0.39085545722713866 0.05026188166828322 0.08446902654867257
0 0.34300678952473324 0.39756637168141595 0.04937924345295829 0.07643067846607669
0 0.41310378273520854 0.4646017699115044 0.05026188166828322 0.09520648967551622
0 0.3923860329776916 0.6389085545722714 0.051144519883608144 0.10324483775811209
0 0.05863239573229874 0.3962241887905604 0.05026188166828322 0.0925221238938053
0 0.30641125121241514 0.7689675516224189 0.05554801163918526 0.1193362831858407
0 0.3923860329776916 0.7736725663716814 0.059961202715809896 0.12067846607669616