1 0.05244047619047619 0.17098455598455597 0.05384920634920635 0.11306949806949806
1 0.4343849206349206 0.049633204633204635 0.13180555555555556 0.04413127413127413
1 0.6094047619047619 0.05032818532818533 0.12755952380952382 0.062046332046332045
1 0.7738095238095238 0.05032818532818533 0.1332142857142857 0.05378378378378378
1 0.91625 0.3488610038610039 0.03259920634920635 0.08824324324324324
1 0.9176587301587301 0.4591891891891892 0.03827380952380952 0.07722007722007722
1 0.5803571428571429 0.6315444015444015 0.041091269841269845 0.06619691119691119
1 0.5803571428571429 0.6908494208494209 0.04392857142857143 0.06619691119691119
1 0.5824801587301587 0.7535907335907336 0.04819444444444444 0.07308880308880308
1 0.376984126984127 0.5336486486486487 0.10771825396825396 0.049633204633204635
1 0.2714087301587301 0.5301930501930502 0.10061507936507937 0.0455019305019305
1 0.17220238095238097 0.5322586872586872 0.10061507936507937 0.055154440154440154
0 0.2373809523809524 0.2337258687258687 0.06944444444444445 0.08135135135135135
0 0.5045436507936508 0.23718146718146718 0.06236111111111111 0.0716988416988417
0 0.5626388888888889 0.23648648648648649 0.05668650793650794 0.0785907335907336
0 0.7348412698412699 0.28474903474903474 0.07511904761904761 0.062046332046332045
0 0.816329365079365 0.4047104247104247 0.05668650793650794 0.08411196911196911
0 0.700813492063492 0.3764478764478765 0.07228174603174603 0.06893822393822394
0 0.6108333333333333 0.40747104247104243 0.06236111111111111 0.056544401544401546
0 0.5576785714285715 0.4460810810810811 0.07511904761904761 0.08963320463320464
0 0.5406746031746031 0.552953667953668 0.06660714285714285 0.08824324324324324
0 0.6859325396825396 0.8108108108108109 0.0708531746031746 0.06893822393822394
0 0.6802777777777778 0.9404247104247104 0.0708531746031746 0.09376447876447877
0 0.7702579365079365 0.9411196911196911 0.06944444444444445 0.09239382239382239
0 0.9304166666666667 0.5832818532818532 0.07511904761904761 0.08274131274131274
0 0.6972817460317461 0.561911196911197 0.04251984126984127 0.0455019305019305
0 0.6824007936507936 0.5012355212355212 0.05244047619047619 0.06756756756756757
0 0.6838095238095238 0.4467760617760618 0.0496031746031746 0.060675675675675673