0 0.18710243124750897 0.6333630686886709 0.028784376245516143 0.05352363960749331
0 0.10119170984455958 0.6373238180196253 0.034101235552012756 0.05154326494201606
0 0.1527819848545237 0.463871543264942 0.02302909525707453 0.045593220338983054
0 0.1496851335193304 0.4143086529884032 0.02125548027102431 0.045593220338983054
0 0.18444798724591469 0.2279750223015165 0.023471502590673574 0.07136485280999108
0 0.397457154244719 0.21013380909901874 0.03498605021921084 0.06541480820695807
0 0.497983260263053 0.4747725245316682 0.03321243523316062 0.05947368421052632
0 0.3675647668393783 0.8345762711864406 0.024798724591470703 0.0812756467439786
0 0.4107453168593065 0.5045138269402318 0.020813072937425268 0.045593220338983054
0 0.3874930251096054 0.5644781445138269 0.020370665603826225 0.054513826940231935
0 0.4718573136707852 0.5471275646743979 0.020813072937425268 0.0436128456735058
0 0.3801873256277401 0.41827832292595896 0.02524113192506975 0.05352363960749331
0 0.40432044639298526 0.4167885816235504 0.02302909525707453 0.06244424620874219
0 0.0876843363889996 0.7265298840321143 0.027457154244719013 0.07929527207850134
1 0.25308888003188523 0.7067082961641392 0.03587086488640893 0.05352363960749331
1 0.1543324033479474 0.707207850133809 0.032327620565962535 0.04460303300624442
1 0.06684336388999602 0.6264228367528992 0.01323236349143085 0.06938447814451383
1 0.10911119968114787 0.5486173059768065 0.013726584296532483 0.04064228367528992
1 0.10955360701474691 0.48369313113291706 0.015500199282582703 0.0436128456735058
1 0.14852132323634915 0.2477966101694915 0.03587086488640893 0.0436128456735058
1 0.210964527700279 0.22103479036574486 0.02524113192506975 0.049562890276538804
1 0.23620565962534873 0.2031935771632471 0.02435631725787166 0.029732381801962533
1 0.26455161418891987 0.2031935771632471 0.02612993224392188 0.029732381801962533
1 0.29289358310083696 0.22251561106155218 0.02524113192506975 0.06244424620874219
1 0.34913511359107213 0.2477966101694915 0.032327620565962535 0.0436128456735058
1 0.44567556795536073 0.2056735057983943 0.032327620565962535 0.05055307760927743
1 0.44722598644878436 0.7096877787689563 0.03277002789956158 0.0475735950044603
1 0.3285412514946193 0.7622123104371098 0.022144280589876445 0.06541480820695807
1 0.4055958549222798 0.732979482604817 0.011514547628537266 0.034692239072256915
0 0.3692825827022718 0.7319892952720785 0.027457154244719013 0.054513826940231935
1 0.3460342766042248 0.8211953612845673 0.013726584296532483 0.024781445138269402
1 0.38655639697090477 0.8182158786797502 0.016827421283379832 0.030722569134701158
0 0.9350777202072539 0.4212488849241749 0.028784376245516143 0.06145405887600357
0 0.8449581506576325 0.4866726137377341 0.031000398565165406 0.0475735950044603
0 0.7982383419689119 0.44454058876003566 0.01992825827022718 0.056494201605709185
1 0.927548824232762 0.48617305976806424 0.017269828616978875 0.05848349687778769
1 0.5469190912714229 0.4589116859946477 0.015942606616181746 0.06343443354148082