1 0.5454904051172708 0.18951612903225806 0.09453091684434968 0.08602822580645161
1 0.1535181236673774 0.2909879032258065 0.08528784648187633 0.07122983870967742
1 0.2640405117270789 0.2923387096774194 0.051886993603411515 0.07122983870967742
1 0.5941684434968018 0.869616935483871 0.046908315565031986 0.045705645161290324
1 0.9317697228144989 0.39449596774193546 0.0255863539445629 0.06316532258064515
1 0.42963752665245203 0.869616935483871 0.04619402985074627 0.056451612903225805
1 0.31982942430703626 0.8682862903225806 0.08670575692963753 0.06451612903225806
1 0.17199360341151387 0.871633064516129 0.08102345415778252 0.07122983870967742
0 0.6538699360341151 0.5651814516129032 0.036961620469083155 0.10080645161290322
0 0.7118017057569296 0.5840120967741936 0.04619402985074627 0.07661290322580645
0 0.6457036247334754 0.783608870967742 0.05045842217484008 0.09139112903225806
0 0.31804904051172705 0.2909879032258065 0.03624733475479744 0.07661290322580645
0 0.43638592750533045 0.33937500000000004 0.036961620469083155 0.0846774193548387
0 0.2917590618336887 0.4038911290322581 0.037665245202558637 0.07122983870967742
0 0.1826545842217484 0.48588709677419356 0.03553304904051172 0.07122983870967742
0 0.13539445628997868 0.6653225806451613 0.030565031982942432 0.08870967741935484
0 0.8404371002132197 0.7486491935483871 0.05045842217484008 0.16129032258064516
0 0.8923240938166311 0.7627620967741935 0.04904051172707889 0.15725806451612903
0 0.5533049040511727 0.657258064516129 0.033400852878464816 0.08602822580645161
0 0.5934648187633261 0.7049798387096774 0.03837953091684435 0.09274193548387097
1 0.7992217484008528 0.684133064516129 0.019189765458422176 0.07526209677419354