0 0.2531997774067891 0.6156274664561957 0.0667779632721202 0.08155485398579321
0 0.2967890929326656 0.40449881610102606 0.06121313299944352 0.09339384372533543
0 0.24160823594880357 0.2538831886345699 0.049154145798553144 0.05787687450670876
0 0.2402170283806344 0.3860852407261247 0.046371730662214804 0.06445935280189424
0 0.19152476349471342 0.6412786108918705 0.05843071786310518 0.08550118389897396
0 0.47022815804117973 0.1440410418310971 0.05750139120756817 0.09602999210734017
0 0.6789092932665554 0.08484609313338595 0.05193656093489148 0.10392265193370165
0 0.830550918196995 0.9346250986582478 0.06028380634390651 0.10917916337805841
0 0.46883695047301055 0.6333859510655091 0.036171396772398445 0.08024467245461721
0 0.7827879799666111 0.38739542225730067 0.05750139120756817 0.11444356748224152
0 0.9232999443516973 0.05590370955011839 0.08625486922648859 0.0881373322809787
0 0.9702281580411798 0.23546172059984213 0.05954368391764051 0.09208366219415944
0 0.6149137451307735 0.10589581689029202 0.05750139120756817 0.09339384372533543
0 0.6139844184752364 0.02499605367008682 0.06121313299944352 0.04998421468034728
1 0.9270061213133 0.8931886345698501 0.028753478018920423 0.04472770323599053
1 0.5912632164718976 0.2999210734017364 0.03060656649972176 0.12628255722178375
1 0.5908013355592655 0.4965824782951854 0.03524207011686144 0.13022888713496447
1 0.5908013355592655 0.7300710339384373 0.031535893155258767 0.17890292028413574
1 0.227228714524207 0.7405919494869772 0.027824151363383415 0.1026045777426993
0 0.837968836950473 0.7794001578531965 0.0677072899276572 0.09865824782951854
1 0.07141346688925988 0.5123677979479084 0.05564830272676683 0.10392265193370165