0 0.1380964467005076 0.48355871886120994 0.04777918781725888 0.08583629893238434
0 0.26238578680203045 0.5285765124555161 0.055989847715736035 0.0648932384341637
0 0.1485532994923858 0.4150177935943061 0.046281725888324875 0.05966192170818505
0 0.09854060913705584 0.325 0.04180203045685279 0.06176156583629894
0 0.1425761421319797 0.3208007117437722 0.034340101522842635 0.07012455516014235
0 0.7894162436548222 0.5160142348754448 0.041053299492385786 0.0711743772241993
0 0.6248096446700508 0.7038967971530249 0.04777918781725888 0.07430604982206405
0 0.45722081218274113 0.710693950177936 0.050012690355329945 0.07745551601423488
0 0.35794416243654825 0.7185409252669039 0.06345177664974619 0.08268683274021352
0 0.4923096446700508 0.3773309608540925 0.0425507614213198 0.08058718861209964
0 0.790532994923858 0.36738434163701067 0.0432994923857868 0.09209964412811388
0 0.30083756345177665 0.28208185053380785 0.04926395939086294 0.07640569395017793
0 0.13586294416243655 0.15804270462633452 0.03732233502538071 0.048149466192170816
0 0.27732233502538073 0.8776512455516015 0.061954314720812184 0.11409252669039147
0 0.050012690355329945 0.6782562277580071 0.04777918781725888 0.075355871886121
1 0.30456852791878175 0.08635231316725979 0.03732233502538071 0.03453736654804271
1 0.3251015228426396 0.14862989323843417 0.035088832487309644 0.12142348754448398
1 0.14519035532994923 0.08896797153024912 0.035088832487309644 0.031405693950177935
1 0.050761421319796954 0.1512455516014235 0.022398477157360406 0.049199288256227755
1 0.0533756345177665 0.2297508896797153 0.0216497461928934 0.055480427046263346
1 0.055989847715736035 0.3626690391459075 0.02687817258883249 0.08686832740213524
0 0.0432994923857868 0.5296263345195729 0.04777918781725888 0.06907473309608542
1 0.15041878172588832 0.8263523131672599 0.08137055837563452 0.04081850533807829
1 0.36913705583756345 0.9011921708185053 0.030609137055837565 0.03558718861209965
1 0.4941751269035533 0.8938612099644129 0.0865989847715736 0.050249110320284694
1 0.6621319796954315 0.8922953736654805 0.0851015228426396 0.05128113879003559
1 0.8338324873096447 0.8938612099644129 0.13138324873096446 0.05233096085409253
1 0.9267639593908629 0.6384697508896797 0.029111675126903554 0.09629893238434163
1 0.8461421319796955 0.39040925266903914 0.05897208121827411 0.03976868327402135
1 0.6165989847715736 0.3961743772241993 0.0865989847715736 0.038718861209964414
1 0.5445685279187817 0.39512455516014233 0.0574746192893401 0.04291814946619217
1 0.3657868020304569 0.3066725978647687 0.05524111675126904 0.03558718861209965
1 0.42475888324873096 0.309288256227758 0.056738578680203045 0.032455516014234874
0 0.3038197969543147 0.7714056939501779 0.0432994923857868 0.08373665480427046
1 0.45685279187817257 0.3443594306049822 0.02388324873096447 0.09629893238434163