0 0.15911259012756518 0.46080473372781067 0.08666112035496396 0.14940828402366865
0 0.5196228508042152 0.3616923076923077 0.06447587354409318 0.15532544378698224
0 0.6298557958957294 0.7226390532544379 0.06447587354409318 0.1819526627218935
0 0.8666112035496395 0.8136094674556213 0.05684969495285635 0.15680473372781065
0 0.9307432057681643 0.7640591715976331 0.06447587354409318 0.13165680473372782
0 0.9317803660565723 0.9363905325443787 0.06516916250693289 0.12721893491124261
0 0.7172102052135331 0.33579881656804733 0.06724902939545202 0.1301775147928994
0 0.6572379367720466 0.947491124260355 0.07487520798668885 0.10502958579881656
1 0.18753743760399333 0.2877278106508876 0.03813089295618414 0.21449704142011836
1 0.18996117581808097 0.6989704142011834 0.04159733777038269 0.2529585798816568
1 0.9629783693843594 0.47559763313609466 0.03050471436494731 0.22928994082840237