0 0.8878968253968254 0.42227272727272724 0.09081349206349207 0.1291083916083916
0 0.41628968253968257 0.7927622377622378 0.0725 0.10893356643356644
0 0.4338392857142857 0.8795104895104895 0.07402777777777778 0.1533041958041958
0 0.32012896825396825 0.37048951048951045 0.0648611111111111 0.13312937062937064
0 0.4471924603174603 0.456555944055944 0.06257936507936508 0.13045454545454546
0 0.5368551587301587 0.49690559440559445 0.08012896825396824 0.10893356643356644
0 0.2499206349206349 0.4753846153846154 0.07402777777777778 0.12237762237762238
1 0.065625 0.23332167832167833 0.05189484126984127 0.20038461538461538
1 0.06448412698412699 0.5722202797202798 0.04807539682539683 0.16541958041958044
1 0.0637202380952381 0.7302272727272727 0.04807539682539683 0.1533041958041958
1 0.8718750000000001 0.7631818181818182 0.03891865079365079 0.14926573426573425
1 0.8756845238095239 0.9158216783216784 0.0496031746031746 0.1559965034965035
1 0.8684325396825396 0.24610139860139862 0.03052579365079365 0.27972027972027974