0 0.2904040404040404 0.16492357200321803 0.04079254079254079 0.04827031375703942
0 0.2025097125097125 0.1674416733708769 0.04759129759129759 0.04525341914722446
0 0.15977466977466978 0.2855993563958166 0.035936285936285936 0.05430410297666935
0 0.12140637140637141 0.32884151246983107 0.05827505827505827 0.05229283990345937
0 0.09324009324009325 0.3494609814963797 0.06216006216006216 0.05329847144006436
0 0.08935508935508936 0.3937087691069992 0.0641025641025641 0.05329847144006436
0 0.3321678321678322 0.29113435237329044 0.05439005439005439 0.06938857602574416
0 0.7444677544677545 0.35650040225261465 0.03787878787878788 0.04726468222043443
0 0.6007226107226107 0.3605229283990346 0.043706293706293704 0.05128720836685439
0 0.4526029526029526 0.7542236524537409 0.042735042735042736 0.04827031375703942
0 0.4521212121212121 0.8095333869670153 0.035936285936285936 0.04827031375703942
1 0.1524864024864025 0.10760257441673371 0.06993006993006994 0.04625905068382945
1 0.4526029526029526 0.1900643604183427 0.03885003885003885 0.11263073209975864
1 0.38752913752913754 0.2760498793242156 0.056332556332556336 0.033185840707964605
1 0.34285159285159283 0.47164119066773935 0.1282051282051282 0.05229283990345937
1 0.5541025641025641 0.28861625100563154 0.04564879564879565 0.08246178600160901
1 0.9421134421134422 0.2931456154465004 0.042735042735042736 0.10559131134352373
1 0.6827894327894328 0.47818181818181815 0.056332556332556336 0.05530973451327434
1 0.5536130536130536 0.43041029766693484 0.036907536907536904 0.10257441673370878
1 0.5846930846930847 0.4766693483507643 0.06798756798756798 0.04625905068382945
1 0.3690753690753691 0.666733708769107 0.04856254856254856 0.04022526146419952