1 0.363641 0.318891 0.048297 0.089484
1 0.367188 0.438203 0.063922 0.100859
1 0.207391 0.538359 0.161938 0.062500
1 0.787641 0.234375 0.120734 0.053984
1 0.854406 0.181109 0.055391 0.092328
1 0.942469 0.139203 0.143469 0.059656
1 0.828125 0.928266 0.173297 0.061078
1 0.227266 1.002844 0.210234 0.068187
0 1.029828 0.671875 0.073859 0.102266
0 0.941766 0.669031 0.079547 0.107953
0 0.678984 0.205969 0.096594 0.116484
0 0.465203 0.414062 0.080969 0.089484
0 0.552562 0.421172 0.079547 0.080969
0 0.665484 0.492188 0.080969 0.100859
0 0.632109 0.676844 0.082391 0.109375
0 0.094453 0.419750 0.080969 0.098016
0 0.493609 0.814625 0.089484 0.126422
0 0.632109 0.819609 0.096594 0.127844